20150101
20150119
20150212
20150216
20150510
20150525
20150621
20150703
20150907
20151012
20151111
20151126
20151127
2015122520150101
20150119
20150212
20150216
20150510
20150525
20150621
20150703
20150907
20151012
20151111
20151126
20151127
2015122520150101
20150119
20150212
20150216
20150510
20150525
20150621
20150703
20150907
20151012
20151111
20151126
20151127
2015122520150101
20150119
20150212
20150216
20150510
20150525
20150621
20150703
20150907
20151012
20151111
20151126
20151127
2015122520150101
20150119
20150212
20150216
20150510
20150525
20150621
20150703
20150907
20151012
20151111
20151126
20151127
2015122520150101
20150119
20150212
20150216
20150510
20150525
20150621
20150703
20150907
20151012
20151111
20151126
20151127
2015122520150101
20150119
20150212
20150216
20150510
20150525
20150621
20150703
20150907
20151012
20151111
20151126
20151127
2015122520150101
20150119
20150212
20150216
20150510
20150525
20150621
20150703
20150907
20151012
20151111
20151126
20151127
2015122520150101
20150119
20150212
20150216
20150510
20150525
20150621
20150703
20150907
20151012
20151111
20151126
20151127
2015122520150101
20150119
20150212
20150216
20150510
20150525
20150621
20150703
20150907
20151012
20151111
20151126
20151127
2015122520150101
20150119
20150212
20150216
20150510
20150525
20150621
20150703
20150907
20151012
20151111
20151126
20151127
2015122520150101
20150119
20150212
20150216
20150510
20150525
20150621
20150703
20150907
20151012
20151111
20151126
20151127
2015122520150101
20150119
20150212
20150216
20150510
20150525
20150621
20150703
20150907
20151012
20151111
20151126
20151127
2015122520150101
20150119
20150212
20150216
20150510
20150525
20150621
20150703
20150907
20151012
20151111
20151126
20151127
2015122520150101
20150119
20150212
20150216
20150510
20150525
20150621
20150703
20150907
20151012
20151111
20151126
20151127
2015122520150101
20150119
20150212
20150216
20150510
20150525
20150621
20150703
20150907
20151012
20151111
20151126
20151127
2015122520150101
20150119
20150212
20150216
20150510
20150525
20150621
20150703
20150907
20151012
20151111
20151126
20151127
2015122520150101
20150119
20150212
20150216
20150510
20150525
20150621
20150703
20150907
20151012
20151111
20151126
20151127
2015122520150101
20150119
20150212
20150216
20150510
20150525
20150621
20150703
20150907
20151012
20151111
20151126
20151127
2015122520150101
20150119
20150212
20150216
20150510
20150525
20150621
20150703
20150907
20151012
20151111
20151126
20151127
20151225
